7375.47 0 2.10836 5.41052 0 0
88626.2 0.41304 -0.106289 
Target1: 14.55
Target2: 21.6333
Target3: 29.9184
Target4: 22.7351
Target5: 24.4184
Target6: 24.4351
Target7: 24.3851
Target8: 36.7184
Target9: 14.55
Target10: 17.7351
Target11: 19.3983
Target12: 25.0667
Target13: 24.3851
Target14: 24.4017
Target15: 12.9684
Target16: 18.8316
Target17: 48
Target18: 14.5167
Target19: 25.1517
Target20: 31.0351
Target21: 35.5851
