7220.86 0.001175 0.96779 2.67313 1.19204 5.44427
7222.24 0.000916 0.964832 4.26519 2.38581 0.846258
7218.21 0.0004 0.972207 1.08534 1.62085 2.13452
7215 0.000867 0.96721 5.77847 1.95057 5.20594
7195.33 0.00137895 0.466645 3.57662 4.56945 6.11282
28094.8 -0.186525 0.140708 0.299617
7196.94 0.00053973 0.465348 5.19981 0.0171068 0.73205
438.097 0.21652 -0.0414703 0.026428
7198.48 0.00148402 0.47038 0.532535 3.84901 5.81929
32904.8 0.0652551 0.138278 -0.396876
7198.61 0.00133937 0.466336 2.06194 5.67963 0.543603
44114.7 0.119897 0.249587 -0.0456458
Target1: 3.66391
Target2: 5.975
Target3: 4.83889
Target4: 4.21389
Target5: 6
Target6: 5.63147
Target7: 5.975
Target8: 6
Target9: 5.90145
Target10: 5.975
Target11: 5.97778
Target12: 5.98333
Target13: 5.97778
Target14: 5.97778
Target15: 5.975
Target16: 5.975
Target17: 3.9472
Target18: 2.98611
Target19: 11.7324
Target20: 5.33056
Target21: 3.15553
