7374.14 0 0.69115 3.84845 0 0
99106.7 -0.0971683 0.469612 0.479548
7370.14 0 2.45044 0.376991 0 0
102240 0.105691 0.198407 0.161571
7371.47 0 2.09614 0.929911 0 0
82348.3 -0.015653 0.134614 -0.0898358
7371.47 0 2.0944 2.70177 0 0
99912.9 -0.0821914 -0.250208 0.15448
7371.47 0 2.0944 4.61186 0 0
84877.8 0.1537 -0.0233054 0.157483
7279.47 0 0.792379 1.42 0 0
76271 0.401718 -0.089807 0.412014
7367.47 0 0.734784 2.40018 0 0
83333 -0.0547836 -0.0331986 -0.0761205
Target1: 9.41667
Target2: 13.6667
Target3: 10.65
Target4: 6.69119
Target5: 6.68333
Target6: 7.94324
Target7: 8.66667
Target8: 15.9864
Target9: 9.28333
Target10: 7.83333
Target11: 13.4364
Target12: 9.08333
Target13: 11.5697
Target14: 7.11307
Target15: 8.03032
Target16: 7
Target17: 7.01667
Target18: 17.8333
Target19: 5.31187
Target20: 10.45
Target21: 4.94826
