7374.14 0 0.69115 3.84845 0 0
70702.5 0.0422472 -0.119893 -0.0932239
7370.14 0 2.45044 0.376991 0 0
88809.2 0.00248012 0.34882 0.196695
7371.47 0 2.09614 0.929911 0 0
96464.4 -0.188383 0.141446 0.142971
7371.47 0 2.0944 2.70177 0 0
91432.2 -0.094065 -0.242722 0.343071
7371.47 0 2.0944 4.61186 0 0
85248 -0.283629 0.0288113 -0.147257
7279.47 0 0.792379 1.42 0 0
70167.9 -0.396778 0.182834 -0.215295
7367.47 0 0.734784 2.40018 0 0
84674.2 0.08984 0.0602814 0.330551
Target1: 23.6063
Target2: 18.131
Target3: 10.65
Target4: 5.39567
Target5: 12.7022
Target6: 6.42742
Target7: 15.3308
Target8: 15.6411
Target9: 9.32816
Target10: 11.5621
Target11: 13.6333
Target12: 9.08333
Target13: 15.1373
Target14: 8.53944
Target15: 13.0063
Target16: 10.4324
Target17: 10.931
Target18: 17.8333
Target19: 7.94442
Target20: 10.45
Target21: 10.7833
