7220.86 0.001175 0.96779 2.67313 1.19204 5.44427
7222.24 0.000916 0.964832 4.26519 2.38581 0.846258
7218.21 0.0004 0.972207 1.08534 1.62085 2.13452
7215 0.000867 0.96721 5.77847 1.95057 5.20594
7195.33 0.00137895 0.466645 3.57662 4.56945 6.11282
67047.5 0.0927077 -0.2817 -0.497661
7196.94 0.00053973 0.465348 5.19981 0.0171068 0.73205
49709.4 -0.249409 -0.166338 0.419454
7198.48 0.00148402 0.47038 0.532535 3.84901 5.81929
98579.6 -0.10129 0.197718 -0.574857
7198.61 0.00133937 0.466336 2.06194 5.67963 0.543603
24978.9 0.258451 -0.0240384 0.0660461
Target1: 4.12507
Target2: 5.98333
Target3: 4.86667
Target4: 4.23333
Target5: 6
Target6: 6.00851
Target7: 3.8
Target8: 6
Target9: 4.23384
Target10: 6
Target11: 6
Target12: 6
Target13: 5.98333
Target14: 5.98333
Target15: 5.98333
Target16: 5.98333
Target17: 5.78857
Target18: 3.26667
Target19: 5.95051
Target20: 5.7
Target21: 3.19476
