7275.47 0 2.10836 5.41052 0 0
72593.9 -0.0163073 -0.00458096 -0.0915834
7275.47 0 2.10836 0.698132 0 0
65310.5 -0.00962325 -0.0141212 -0.0402027
7275.47 0 2.10836 2.26893 0 0
92386.3 0.318759 0.355761 -0.345582
7275.47 0 2.10836 3.83972 0 0
78910.9 -0.212605 0.237725 -0.362099
Target1: 9.76667
Target2: 12.2888
Target3: 10.65
Target4: 4.95441
Target5: 8.24696
Target6: 22.3864
Target7: 7.51667
Target8: 22.3364
Target9: 11.7779
Target10: 12.0888
Target11: 12.0585
Target12: 12.2888
Target13: 9.21667
Target14: 12.0918
Target15: 11.9918
Target16: 6.61667
Target17: 11.9795
Target18: 9.8
Target19: 11.965
Target20: 6.55
Target21: 16.3316
