7290.37 0 0.782141 3.78037 0 0
152271 -0.0542158 0.0518346 0.0934595
7317.62 0 2.45006 0.38898 0 0
27182.2 -0.0581177 0.33243 0.361427
7371.47 0 2.09614 0.929911 0 0
45776 0.191776 -0.0959183 -0.105966
7371.47 0 2.0944 2.70177 0 0
70998.8 -0.0857525 0.214572 -0.0377929
7371.47 0 2.0944 4.61186 0 0
168601 0.423885 0.121282 0.14061
7279.47 0 0.792379 1.42 0 0
13513.4 -0.08884 0.134359 -0.116051
7081.19 0 0.708347 2.25488 0 0
4852.94 -0.113657 0.0060834 -0.310214
Target1: 14.737
Target2: 9.60371
Target3: 8.81667
Target4: 5.23221
Target5: 7.53446
Target6: 9.12962
Target7: 6.53529
Target8: 14.3333
Target9: 14.9
Target10: 7.8
Target11: 9.4
Target12: 6.99478
Target13: 5.6715
Target14: 9.25309
Target15: 13.716
Target16: 14.1511
Target17: 7.78704
Target18: 10.948
Target19: 6.61667
Target20: 6.70635
Target21: 5.33856
