7374.14 0 0.69115 3.84845 0 0
24830.8 -0.29425 0.401952 0.493123
7370.14 0 2.45044 0.376991 0 0
36074.4 0.00890363 -0.0827854 -0.0750732
7371.47 0 2.09614 0.929911 0 0
106876 -0.260924 0.149254 0.103539
7371.47 0 2.0944 2.70177 0 0
76521.4 0.126883 0.499875 -0.394668
7371.47 0 2.0944 4.61186 0 0
64240.3 0.165263 -0.0254773 0.0723149
7279.47 0 0.792379 1.42 0 0
123057 0.200275 0.0711744 0.0107465
7367.47 0 0.734784 2.40018 0 0
35715.3 0.388689 0.137253 0.42383
Target1: 9.32066
Target2: 13.3209
Target3: 10.65
Target4: 5.4388
Target5: 6.68333
Target6: 6.68333
Target7: 8.52066
Target8: 15.95
Target9: 9.254
Target10: 7.23858
Target11: 12.8543
Target12: 9.14053
Target13: 10.0418
Target14: 6.82262
Target15: 8.23733
Target16: 7.27191
Target17: 6.8428
Target18: 17.7207
Target19: 5.53308
Target20: 6.85595
Target21: 5.74475
