7220.86 0.001175 0.96779 2.67313 1.19204 5.44427
7222.24 0.000916 0.964832 4.26519 2.38581 0.846258
7218.21 0.0004 0.972207 1.08534 1.62085 2.13452
7215 0.000867 0.96721 5.77847 1.95057 5.20594
7195.33 0.00137895 0.466645 3.57662 4.56945 6.11282
52084.2 -0.00991757 -0.0304075 0.576299
7196.94 0.00053973 0.465348 5.19981 0.0171068 0.73205
49738.2 -0.120539 -0.149114 0.169344
7198.48 0.00148402 0.47038 0.532535 3.84901 5.81929
77608.7 0.295902 -0.16739 0.212792
7198.61 0.00133937 0.466336 2.06194 5.67963 0.543603
20887.4 -0.0142576 -0.10334 0.0974267
Target1: 5.51075
Target2: 5.975
Target3: 4.83889
Target4: 4.21389
Target5: 6
Target6: 6.00049
Target7: 5.40049
Target8: 6
Target9: 4.16401
Target10: 5.975
Target11: 5.97778
Target12: 5.98333
Target13: 5.97778
Target14: 5.97778
Target15: 5.975
Target16: 5.975
Target17: 3.57778
Target18: 2.98611
Target19: 6.1039
Target20: 5.33056
Target21: 3.29517
