7290.37 0 0.782141 3.78037 0 0
77718.3 0.0135856 -0.0757038 -0.0676862
7263.53 0 2.49548 0.337298 0 0
91226.5 -0.0609835 -0.111043 -0.233151
7371.47 0 2.09614 0.929911 0 0
118709 -0.0631403 0.0329152 0.01782
7371.47 0 2.0944 2.70177 0 0
51525.5 0.106644 0.374276 -0.205393
7371.47 0 2.0944 4.61186 0 0
168.086 -0.438777 0.0230718 -0.296708
7279.47 0 0.792379 1.42 0 0
20897.5 -0.167826 0.0663147 -0.128629
7112.85 0 0.692442 2.30326 0 0
133797 0.0715874 0.0122915 0.0447584
Target1: 8.95
Target2: 8.87494
Target3: 8.71336
Target4: 7.26998
Target5: 6.68333
Target6: 8.98333
Target7: 6.07154
Target8: 8.28664
Target9: 9.13355
Target10: 7.80487
Target11: 12.4167
Target12: 7.42557
Target13: 8.83002
Target14: 5.92403
Target15: 12.6833
Target16: 6.96667
Target17: 6.96667
Target18: 10.724
Target19: 6.64245
Target20: 6.6
Target21: 6.83406
